02 00 ;数
00 40 00 80 C0 00 
00 80 20 00 C4 00 
00 00

縦 サ 横 サ タ
開 イ 開 イ イ
始 ズ 始 ズ ル
座 　 座 
標 　 標

一気に4x4マスまでしか指定出来ない
・縦開始座標
08 1マス下から
10 2マス下から
20 4マス下から

・サイズ1

・横開始座標
08 1マス右から
10 2マス右から
20 4マス右から

・サイズ2



0080
oooo
oooo
oooo
oooo

4080
oooo
oooo

8080
oo
oo
oo
oo

8040
o
o
o
o

8000
o
o

4000
oo

0000
o

0040
oo
oo

4040
oooo

A93984 > 

03 00 00 40 08 80 00 03 00 40 28 80 04 03 00 00 48 40 08 03

03 00 00 40 08 80 0A 03 00 40 28 80 0E 03 00 00 48 40 12 03

03 00 00 40 00 80 14 03 00 40 20 80 18 03 00 40 40 80 1C 03

02 00　00 40 10 80 [C0 02]　00 40 30 80 C4 02　
03 00　00 40 08 80 [CA 02]　00 40 28 80 CE 02　00 00 48 40 D2 02 
03 00　00 40 0C 80 [D4 02]　00 40 2C 80 D8 02　00 00 4C 40 DC 02 
03 00　00 40 08 80 [00 03]　00 40 28 80 04 03　00 00 48 40 08 03 
03 00　00 40 08 80 [0A 03]　00 40 28 80 0E 03　00 00 48 40 12 03 
03 00　00 40 00 80 [14 03]　00 40 20 80 18 03　00 40 40 80 1C 03 
             長さ  tileNo.        長さ  tileNo      長さ   tileNo.
             
03 00 00 40　0C 80 [40 03]　00 40 2C 80[44 03]00 00[4C 40 4C 03
             
             
03 00 00 40　0C 80 C0 02　00 40 2C 80 C4 02 00 80 4C 00 C8 02 00 00